# Created by Octave 3.2.0, Thu Sep 03 17:36:00 2009 Eastern Daylight Time <unknown@unknown>
# name: outlier_ids
# type: matrix
# rows: 1
# columns: 3067
 3830 3465 1360 1559 3530 2449 3355 2897 2890 3289 3918 1734 3291 3394 841 1635 3792 2745 1239 2404 944 702 2369 1645 3562 77 2206 3316 1677 3443 3320 434 2042 3958 738 3151 2469 2729 223 2707 471 792 1824 1133 1392 3206 2268 3408 3583 1706 2148 2198 3396 1542 3543 438 2480 1575 2829 1726 3172 3464 1759 3506 3529 2398 1749 1687 3318 1052 1166 3453 2992 2834 2576 2993 2522 2737 86 2238 3555 1947 3354 2413 607 3469 3488 976 3431 175 1571 2126 1761 2898 3347 3474 3220 1089 1820 988 3162 3439 1803 456 3446 2731 3445 1893 1362 2095 3994 369 3300 1171 917 775 2903 3357 528 612 1849 3585 1707 1689 3290 3341 209 1565 3466 130 585 2902 1787 3378 1740 2935 3504 1773 715 3376 1487 3371 1872 1579 556 797 2613 1053 1634 2423 840 539 2292 3906 1812 2594 3370 2865 3063 3674 3432 3170 2465 446 1474 2385 1558 3470 1568 3612 3442 2859 2969 2933 3537 789 6 3598 1426 2663 3319 707 3338 1036 3978 3388 3706 761 1107 1220 2286 2399 670 393 1805 2294 2750 752 3450 3048 1170 3327 1149 3581 3287 2249 820 3073 2815 2189 3018 2848 3401 2310 682 2914 2913 3534 1255 3159 3007 3730 3232 1245 33 1693 1692 1691 1694 3482 1869 1408 1603 3161 2038 3535 2043 2960 2072 3369 3305 3570 788 3250 1169 3938 3560 46 3368 1970 1340 1322 1230 1012 1840 3440 3237 2661 3192 2573 3238 2075 2664 2554 2431 3064 2763 2152 1988 1090 970 315 860 1461 1537 2215 2749 3222 1846 1612 1581 3055 934 219 1381 2422 3361 2073 1004 2926 2472 1653 1772 1971 922 1696 1695 2121 2137 3429 3904 3009 1102 3389 3485 703 1841 604 1611 1728 2432 3148 939 3350 1206 1103 3691 2878 3888 2686 1860 2455 2900 3908 3658 1267 643 1833 1639 349 1985 3569 712 3947 3307 3435 2186 3671 1626 3425 3795 3734 3660 3075 983 1411 1977 3551 933 4006 1136 9 2089 3255 174 1359 858 1051 3155 1599 3381 1858 605 3111 2220 149 62 1061 2583 2678 3247 981 1965 1091 1324 3591 3839 3358 357 772 3553 3720 1184 3892 3984 975 104 529 2253 1124 1995 3638 1385 1118 2063 3923 862 3724 1496 3231 1935 545 569 3542 3441 192 980 2097 1850 2155 1933 1194 3670 1827 1775 3580 3973 845 1655 1293 1228 2454 215 720 3196 125 989 2973 1460 2894 1863 2728 2491 2076 1832 1467 1989 549 1161 1115 560 3270 3552 1406 2905 2371 947 351 793 1527 814 395 573 1201 1737 1160 1154 1604 1435 2250 1211 122 3907 1277 3842 2674 3367 417 1197 2911 2340 882 2471 3846 1562 1900 262 1480 758 3413 1747 1522 2494 3601 1851 3760 326 1828 3493 1345 3944 126 1637 216 180 3252 3801 3949 543 2380 2936 949 2296 1109 3132 3295 307 521 231 232 653 3275 3768 493 3410 2394 3473 1497 565 586 1924 504 19 2088 1258 3712 1339 617 2226 2826 551 1919 387 298 3648 10 1327 1209 1179 614 92 3510 72 2832 859 3052 2486 3541 2586 3933 1530 3831 3647 852 3563 1369 2912 3835 2456 268 1196 950 2123 3893 1912 849 1991 940 3922 195 3392 3968 58 1252 550 2607 3622 3625 2154 2477 2453 519 3225 3772 3778 1158 1918 1366 1294 3548 1844 2050 2002 3110 1410 1899 874 2337 1405 3604 2266 167 1681 3390 2783 997 2330 3175 65 3950 735 1889 1458 3340 547 825 3686 1951 1911 2452 67 3915 2011 2925 1348 132 1679 486 91 465 3900 2352 2574 681 341 2748 3867 2357 2633 642 3599 1818 1535 3995 3775 719 30 3880 647 169 3017 628 725 3173 2182 2412 3721 2247 2315 3634 3606 2049 3364 2644 987 1623 1014 317 27 1278 2863 1667 139 2384 1546 889 3545 3943 2939 2493 578 3738 3501 442 3274 2375 3322 691 2436 1319 3764 3006 3512 3005 1274 2363 1006 765 1037 329 2560 3708 354 3398 1520 3296 2930 25 662 2359 1822 136 3578 2521 2473 2981 3029 76 1538 1512 679 3655 28 575 2841 2481 1576 2593 1769 3641 1902 2415 865 1504 3405 2207 404 1269 995 362 3624 3623 70 2634 1760 2237 1928 3215 1666 475 659 2849 2130 3699 403 3756 2891 1011 256 1675 935 641 314 35 1502 2141 2008 2757 112 3845 3024 1619 1096 2212 2003 2445 1038 1597 3639 138 1601 847 3292 2056 1531 2439 1656 3112 1842 113 2166 1684 1817 3579 269 2672 1272 992 2784 2313 2889 3566 3974 1462 766 2277 3749 1753 170 2739 350 2987 879 3366 877 433 1829 1106 2418 3467 1715 3607 3857 2402 2026 3235 2429 3557 655 3221 3068 2428 211 842 524 2360 1782 654 3817 4008 2983 3412 3282 221 2131 2326 2760 729 81 2952 3257 3256 1533 1944 523 562 3258 2953 774 1621 1250 308 2721 914 2773 1093 340 1271 1941 527 3428 363 68 1238 3972 3998 3651 3022 1364 293 2118 2433 1425 3656 619 1894 2246 284 1227 595 1188 323 741 1168 3211 2578 2951 2688 3090 1651 496 1492 1564 1953 3114 1286 1578 608 717 1056 1580 1566 1630 292 2720 3249 2497 1156 2968 1029 3177 2844 937 3069 1767 1027 2373 3561 2434 2407 734 2115 1685 1605 1159 3644 1148 3118 3135 684 2482 2193 2333 3925 145 1402 3819 2566 85 1670 623 11 3874 2364 2703 3140 2438 3239 512 2941 2954 2701 3099 2853 3053 1304 2920 2416 415 106 2339 2550 3928 3444 2575 3265 3725 1134 3149 171 2018 1021 3015 2103 972 405 3268 3590 3650 822 94 1588 3937 3777 3902 3472 779 1017 2758 1318 275 1521 829 808 2714 1703 2797 2807 459 2015 207 3317 2107 365 3489 2381 2649 3137 699 501 1752 3032 222 3139 677 831 339 2994 782 2489 1929 3761 3033 3100 3959 380 439 462 3382 2061 3546 1082 3704 2014 664 2979 3657 2833 258 267 1465 429 2766 247 1629 2053 2345 1547 3397 3262 3603 3788 95 2305 2561 884 1731 1809 419 3020 2044 2099 652 2985 398 3897 479 1499 1306 480 590 1248 1459 837 3209 3218 1310 448 1453 54 31 1309 1878 499 1814 1725 3061 3859 2280 2403 2608 2109 3171 2676 3004 564 2916 1343 1544 2667 903 24 798 467 2007 3822 3176 2922 105 225 846 851 2362 1299 1067 680 3948 1146 234 3866 2876 701 3794 2556 2378 2655 2022 2791 342 936 2974 1636 289 1943 320 1068 1843 3654 836 2997 3308 3059 3101 1390 3093 960 3023 1968 3871 93 1488 1540 1834 1560 2989 706 1716 503 2645 100 3343 1283 3979 1955 1837 332 2219 3850 2892 1543 1210 3508 1494 2240 2400 444 2837 3095 3391 926 2656 2017 1719 2283 2759 1493 1913 279 3987 2847 1633 1471 2390 3621 2159 1613 1490 2727 1268 1008 2164 1774 1187 1967 3582 1867 2657 188 2896 375 2460 74 2705 3014 3088 1614 548 3437 941 3600 1922 2144 2467 2151 3635 3716 2700 3123 3117 3028 1039 468 2568 1786 2526 1329 481 2654 2241 1378 1586 1218 3927 1376 1930 3663 2673 1975 826 2111 1723 3089 2806 2427 1438 627 3165 3789 2230 3125 1713 1296 418 748 3827 2417 2229 3680 2065 2537 1813 2734 2306 3415 2572 3003 3217 1979 485 356 1859 1463 1070 1657 399 316 2488 2405 2962 742 3359 616 1556 1015 3571 2484 2875 194 3422 3957 1903 227 2140 1790 615 3645 582 1756 2214 324 671 2113 2975 2755 1672 1180 3324 887 1449 3057 2314 3751 1141 2539 3168 2067 2752 2959 1501 2569 1700 453 3954 2347 3855 1561 1798 803 2530 2929 2671 555 367 3587 3735 1770 338 3549 3739 2811 3781 810 103 3436 497 1174 2396 801 2298 3212 2616 3803 3646 3688 599 853 1026 2753 722 2397 511 1865 1120 804 3911 3229 3010 816 2033 1399 760 705 576 90 2946 2264 3184 3589 1932 3889 1112 1251 3144 2334 1285 282 1895 1479 2991 3223 3423 2798 1622 290 2662 237 2239 1013 3632 3154 1394 2670 199 1110 1436 3642 2180 3565 3936 272 385 834 3224 373 856 532 3105 1481 3311 863 2104 1368 2682 3511 1797 3813 1240 37 2881 1433 3452 3082 2888 1866 1223 2158 1266 1746 3500 668 3344 107 2490 389 1119 3127 977 3008 3828 2817 2598 1393 2624 2945 3264 3779 1375 2679 3035 795 3486 867 2307 164 45 2638 730 3108 1114 622 1336 1308 2867 2243 685 1344 2719 3941 2666 946 457 2350 1701 2324 2805 1807 698 3837 912 966 2301 2665 185 2906 931 2802 3924 2191 3879 871 2475 3034 3260 3573 1290 3852 1718 3298 1771 3929 3705 2316 274 4007 716 1582 3216 693 2611 3694 2318 1887 114 3036 3457 3013 2468 592 985 212 2001 4002 2082 2083 1788 2535 3066 96 3039 773 3019 2293 2934 1080 1370 2376 2327 1316 2792 2618 629 2602 2551 470 137 2866 2387 2531 2136 2168 2647 2596 3240 559 3863 3153 310 12 150 1936 994 335 2348 2354 3826 1938 3608 452 3885 441 2355 3955 3248 2184 2819 3261 2617 3665 3577 1957 2835 3991 2374 965 517 424 3011 487 3362 1673 2793 2680 3145 673 168 3558 2869 2197 183 3297 1674 1437 2998 3676 8 1720 3757 1244 2675 3430 2173 2606 1302 982 229 515 2047 2242 3630 1372 248 3518 1515 3935 1407 1242 2698 